1.040664
1.037775
1.042241
1.042387
1.038145
1.042034
1.041236
1.038786
1.035453
1.03549
1.029451
1.026945
1.011455
1.019134
1.025856
1.030241
1.031308
1.026948
1.027377
1.028948
1.030138
1.036462
1.048214
1.064626
1.078044
1.08586
1.091372
1.103084
1.107291
1.108205
1.1057
1.101245
1.097603
1.080281
1.069244
1.060249
1.049802
1.030778
1.028292
1.026732
1.02862
1.022869
1.021914
1.02118
1.023881
1.022245
1.035119
1.044637
1.060825
1.068903
1.07969
1.093468
1.101001
1.094325
1.097899
1.101414
1.100887
1.080559
1.063046
1.049888
1.036518
1.026689
1.025338
1.027168
1.025667
1.015054
1.010506
1.009397
1.013034
1.012838
1.016877
1.025438
1.035281
1.04372
1.054374
1.070529
1.081401
1.092259
1.104113
1.119183
1.135962
1.145702
1.15339
1.166039
1.175921
1.186803
1.193326
1.18207
1.160373
1.136549
1.11089
1.097456
1.085542
1.082033
1.070063
1.062844
1.05688
1.045177
1.039699
1.042992
1.042895
1.038703
1.037656
1.038004
1.043052
1.045738
1.05141
1.063201
1.071273
1.079692
1.085239
1.096294
1.106185
1.11998
1.119359
1.115347
1.109009
1.100195
1.085303
1.07207
1.06333
1.060585
1.05072
1.047961
1.049824
1.038786
1.026506
1.029742
1.035688
1.044625
1.042539
1.036458
1.028233
1.033633
1.050405
1.063909
1.082566
1.094802
1.106205
1.114945
1.120012
1.125035
1.113718
1.101329
1.084083
1.067869
1.056967
1.043429
1.03596
1.035347
1.00159
1.003854
1.006088
1.003425
0.9990585
0.9968444
0.994532
0.9944673
0.9972728
1.001113
1.003669
1.005098
1.001724
0.9957681
0.9947549
0.9969786
0.9979025
1.002589
1.005155
1.009065
1.005304
1.002529
1.002162
1.003137
0.9989575
1.00159
1.003854
1.006088
1.003425
0.9990585
0.9968444
0.994532
0.9944673
0.9972728
1.001113
1.003669
1.005098
1.001724
0.9957681
0.9947549
0.9969786
0.9979025
1.002589
1.005155
1.009065
1.005304
1.002529
1.002162
1.003137
0.9989575
1.00159
1.003854
1.006088
1.003425
0.9990585
0.9968444
0.994532
0.9944673
0.9972728
1.001113
1.003669
1.005098
1.001724
0.9957681
0.9947549
0.9969786
0.9979025
1.002589
1.005155
1.009065
1.005304
1.002529
1.002162
1.003137
0.9989575
1.00159
1.003854
1.006088
1.003425
0.9990585
0.9968444
0.994532
0.9944673
0.9972728
1.001113
1.003669
1.005098
1.001724
0.9957681
0.9947549
0.9969786
0.9979025
1.002589
1.005155
1.009065
1.005304
1.002529
1.002162
1.003137
0.9989575
1.00159
1.003854
1.006088
1.003425
0.9990585
0.9968444
0.994532
0.9944673
0.9972728
1.001113
1.003669
1.005098
1.001724
0.9957681
0.9947549
0.9969786
0.9979025
1.002589
1.005155
1.009065
1.005304
1.002529
1.002162
1.003137
0.9989575
1.00159
1.003854
1.006088
1.003425
0.9990585
0.9968444
0.994532
0.9944673
0.9972728
1.001113
1.003669
1.005098
1.001724
0.9957681
0.9947549
0.9969786
0.9979025
1.002589
1.005155
1.009065
1.005304
1.002529
1.002162
1.003137
0.9989575
1.032961
1.029294
1.027985
1.029859
1.034917
1.043542
1.042151
1.039816
1.033408
1.035545
1.037322
1.051827
1.069535
1.085975
1.089561
1.091835
1.100533
1.09351
1.076666
1.054845
1.049578
1.04536
1.031389
1.02867
1.031391
1.030462
1.024233
1.0231
1.021451
1.026924
1.021403
1.024201
1.027383
1.029977
1.032067
1.042953
1.047971
1.056514
1.065579
1.071729
1.080035
1.079538
1.075934
1.058546
1.045375
1.036
1.021495
1.011059
1.012996
1.008461
1.003273
1.00159
1.003854
1.006088
1.003425
0.9990585
0.9968444
0.994532
0.9944673
0.9972728
1.001113
1.003669
1.005098
1.001724
0.9957681
0.9947549
0.9969786
0.9979025
1.002589
1.005155
1.009065
1.005304
1.002529
1.002162
1.003137
0.9989575
1.004258
1.020982
1.035243
1.044355
1.055811
1.072479
1.083176
1.101438
1.099139
1.089742
1.081681
1.060657
1.04317
1.036124
1.030249
1.022433
1.01737
1.015705
1.011402
1.002409
1.001319
1.00512
1.004917
1.000061
