16
19
22
25
27
29
31
32
32
32
31
29
27
25
22
19
16
13
10
7
5
3
1
0
0
0
1
3
5
7
10
13
16
19
22
25
27
29
31
32
32
32
31
29
27
25
22
19
16
13
10
7
5
3
1
0
0
0
1
3
5
7
10
13
16
19
22
25
27
29
31
32
32
32
31
29
27
25
22
19
16
13
10
7
5
3
1
0
0
0
1
3
5
7
10
13
16
19
22
25
27
29
31
32
32
32
31
29
27
25
22
19
16
13
10
7
5
3
1
0
0
0
1
3
5
7
10
13
16
19
22
25
27
29
31
32
32
32
31
29
27
25
22
19
16
13
10
7
5
3
1
0
0
0
1
3
5
7
10
13
16
19
22
25
27
29
31
32
32
32
31
29
27
25
22
19
16
13
10
7
5
3
1
0
0
0
1
3
5
7
10
13
16
19
22
25
27
29
31
32
32
32
31
29
27
25
22
19
16
13
10
7
5
3
1
0
0
0
1
3
5
7
10
13
16
19
22
25
27
29
31
32
32
32
31
29
27
25
22
19
16
13
10
7
5
3
1
0
0
0
1
3
5
7
10
13
16
19
22
25
27
29
31
32
32
32
31
29
27
25
22
19
16
13
10
7
5
3
1
0
0
0
1
3
5
7
10
13
16
19
22
25
27
29
31
32
32
32
31
29
27
25
22
19
16
13
10
7
5
3
1
0
0
0
1
3
5
7
10
13
16
19
22
25
27
29
31
32
32
32
31
29
27
25
22
19
16
13
10
7
5
3
1
0
0
0
1
3
5
7
10
13
16
19
22
25
27
29
31
32
32
32
31
29
27
25
22
19
16
13
10
7
5
3
1
0
0
0
1
3
5
7
10
13
16
19
22
25
27
29
31
32
32
32
31
29
27
25
22
19
16
13
10
7
5
3
1
0
0
0
1
3
5
7
10
13
16
19
22
25
27
29
31
32
32
32
31
29
27
25
22
19
16
13
10
7
5
3
1
0
0
0
1
3
5
7
10
13
16
19
22
25
27
29
31
32
32
32
31
29
27
25
22
19
16
13
10
7
5
3
1
0
0
0
1
3
5
7
10
13
16
19
22
25
27
29
31
32
32
32
31
29
27
25
22
19
16
13
10
7
5
3
1
0
0
0
1
3
5
7
10
13
